===== B_fixed_seed42 (50/50 epoch)
 epoch  train_total  train_bce  train_cps  val_loss  val_AP_1.0s     lr  time_sec  amp_skipped_steps
     0       0.6419     0.6234        0.0    2.8492       0.6521 0.0100     108.2                  2
     1       0.4841     0.4545        0.0    3.9536       0.6025 0.0100      95.2                  0
     2       0.4069     0.3735        0.0    6.2439       0.6540 0.0100      95.5                  0
     3       0.3211     0.2838        0.0    4.7704       0.6790 0.0100      98.9                  0
     4       0.2936     0.2567        0.0    5.6656       0.6767 0.0100      96.1                  0
     5       0.2009     0.1621        0.0    7.7120       0.5885 0.0100      96.0                  0
     6       0.2144     0.1737        0.0   16.5504       0.6131 0.0100      95.1                  0
     7       0.1199     0.0849        0.0   19.0601       0.6090 0.0100      95.7                  0
     8       0.1480     0.1091        0.0   11.6054       0.6841 0.0100      93.2                  0
     9       0.1058     0.0685        0.0   19.2385       0.6388 0.0100      93.0                  0
    10       0.0888     0.0537        0.0   17.4663       0.6127 0.0100      95.0                  1
    11       0.0739     0.0379        0.0   15.5330       0.6800 0.0100      93.1                  0
    12       0.0450     0.0143        0.0   17.3061       0.6710 0.0100      93.2                  0
    13       0.0434     0.0129        0.0   18.8645       0.6759 0.0100      95.2                  0
    14       0.0350     0.0044        0.0   19.9605       0.6820 0.0100      93.4                  0
    15       0.0344     0.0041        0.0   19.3611       0.6706 0.0100      94.5                  0
    16       0.0336     0.0030        0.0   16.4856       0.6965 0.0100      96.6                  0
    17       0.0337     0.0036        0.0   15.0048       0.7402 0.0100      93.2                  1
    18       0.0346     0.0045        0.0   15.8806       0.7377 0.0100      96.8                  0
    19       0.0341     0.0045        0.0   12.5828       0.7141 0.0010      98.8                  0
    20       0.0343     0.0037        0.0   16.6356       0.7230 0.0010      93.3                  1
    21       0.0323     0.0032        0.0   12.7345       0.7312 0.0010      94.5                  0
    22       0.0333     0.0036        0.0   12.7659       0.7333 0.0010      97.0                  0
    23       0.0324     0.0033        0.0   12.9087       0.7383 0.0010      95.1                  0
    24       0.0319     0.0034        0.0   11.2785       0.7401 0.0010      94.7                  1
    25       0.0317     0.0038        0.0   10.8222       0.7382 0.0010      94.8                  0
    26       0.0320     0.0036        0.0   12.3277       0.7433 0.0010      94.0                  0
    27       0.0315     0.0028        0.0   12.7239       0.7377 0.0010      93.5                  1
    28       0.0321     0.0037        0.0   11.7372       0.7438 0.0010      93.8                  0
    29       0.0329     0.0038        0.0   11.3582       0.7421 0.0010      93.9                  0
    30       0.0315     0.0035        0.0    9.5548       0.7480 0.0010      94.1                  1
    31       0.0318     0.0040        0.0   10.3980       0.7409 0.0010      93.6                  0
    32       0.0312     0.0038        0.0   10.9267       0.7412 0.0010      93.7                  0
    33       0.0313     0.0037        0.0   10.9253       0.7424 0.0010      93.3                  0
    34       0.0307     0.0037        0.0   11.8060       0.7501 0.0010      93.9                  1
    35       0.0302     0.0038        0.0    9.9469       0.7507 0.0010      93.6                  0
    36       0.0319     0.0037        0.0    8.8058       0.7464 0.0010      93.9                  0
    37       0.0331     0.0046        0.0    9.2033       0.7374 0.0010      94.4                  1
    38       0.0317     0.0041        0.0    9.0106       0.7439 0.0010      94.1                  0
    39       0.0312     0.0036        0.0    8.3132       0.7438 0.0001      94.3                  0
    40       0.0317     0.0045        0.0   10.4776       0.7525 0.0001      94.9                  0
    41       0.0313     0.0039        0.0    9.8625       0.7486 0.0001      93.7                  1
    42       0.0312     0.0041        0.0    9.7565       0.7446 0.0001      94.1                  0
    43       0.0309     0.0035        0.0    9.2184       0.7475 0.0001      94.7                  0
    44       0.0327     0.0046        0.0    8.9207       0.7447 0.0001      94.1                  1
    45       0.0313     0.0046        0.0    8.0210       0.7462 0.0001      94.4                  0
    46       0.0300     0.0032        0.0    8.1412       0.7542 0.0001      94.1                  0
    47       0.0312     0.0044        0.0    8.7242       0.7483 0.0001      93.9                  0
    48       0.0314     0.0045        0.0    8.3903       0.7505 0.0001      94.0                  1
    49       0.0322     0.0044        0.0   10.7600       0.7458 0.0001      93.9                  0
===== B_fixed_seed43 (50/50 epoch)
 epoch  train_total  train_bce  train_cps  val_loss  val_AP_1.0s     lr  time_sec  amp_skipped_steps
     0       0.6582     0.6368        0.0    3.7620       0.5456 0.0100      99.1                  2
     1       0.5500     0.5231        0.0    4.4192       0.6802 0.0100      99.9                  0
     2       0.4488     0.4154        0.0    4.5982       0.6504 0.0100     100.1                  0
     3       0.3819     0.3459        0.0    5.1240       0.6898 0.0100      99.9                  0
     4       0.3050     0.2681        0.0    5.4264       0.6167 0.0100      99.5                  0
     5       0.2672     0.2268        0.0    6.5311       0.6795 0.0100      99.7                  0
     6       0.1801     0.1415        0.0   10.3956       0.6230 0.0100      99.8                  0
     7       0.1922     0.1500        0.0   10.0139       0.6461 0.0100     101.5                  1
     8       0.1264     0.0871        0.0   11.1426       0.6437 0.0100     101.0                  0
     9       0.0708     0.0360        0.0    7.1968       0.6978 0.0100      99.5                  0
    10       0.1475     0.1046        0.0    8.9733       0.6798 0.0100      97.9                  0
    11       0.1037     0.0673        0.0    3.5963       0.7399 0.0100     100.2                  0
    12       0.1115     0.0729        0.0   17.1922       0.6462 0.0100      92.7                  0
    13       0.0562     0.0234        0.0   15.9539       0.6636 0.0100      98.5                  0
    14       0.0745     0.0395        0.0   20.3726       0.6986 0.0100      99.8                  1
    15       0.0550     0.0208        0.0   18.9735       0.6470 0.0100     100.0                  0
    16       0.0409     0.0105        0.0   22.9143       0.6720 0.0100      98.4                  0
    17       0.0320     0.0035        0.0   17.7346       0.6887 0.0100      99.1                  0
    18       0.0335     0.0032        0.0   20.1901       0.6609 0.0100     100.2                  0
    19       0.0338     0.0033        0.0   18.1223       0.6882 0.0010      99.8                  0
    20       0.0318     0.0027        0.0   18.0435       0.6860 0.0010      99.6                  0
    21       0.0324     0.0023        0.0   17.5471       0.6840 0.0010      99.8                  1
    22       0.0326     0.0029        0.0   16.0860       0.6912 0.0010     100.3                  0
    23       0.0313     0.0028        0.0   15.2728       0.6954 0.0010      92.4                  0
    24       0.0314     0.0025        0.0   16.6978       0.6995 0.0010      92.6                  0
    25       0.0323     0.0026        0.0   12.7532       0.6992 0.0010      92.4                  1
    26       0.0322     0.0028        0.0   11.9239       0.7035 0.0010      92.5                  0
    27       0.0323     0.0024        0.0   14.8980       0.7000 0.0010      92.4                  0
    28       0.0324     0.0025        0.0   14.3106       0.7072 0.0010     100.0                  1
    29       0.0320     0.0023        0.0   14.5340       0.6982 0.0010     101.2                  0
    30       0.0330     0.0030        0.0   14.5736       0.7032 0.0010     100.7                  0
    31       0.0337     0.0031        0.0   13.7726       0.7124 0.0010     100.1                  1
    32       0.0326     0.0033        0.0   15.2620       0.7116 0.0010      92.5                  0
    33       0.0326     0.0024        0.0   11.0614       0.7178 0.0010      92.5                  0
    34       0.0326     0.0029        0.0   13.3529       0.7176 0.0010      98.7                  0
    35       0.0330     0.0028        0.0   14.7008       0.7111 0.0010      99.4                  1
    36       0.0326     0.0031        0.0   11.0403       0.7145 0.0010      93.2                  0
    37       0.0328     0.0029        0.0   10.9210       0.7191 0.0010      93.0                  0
    38       0.0323     0.0035        0.0   11.3856       0.7134 0.0010      93.1                  1
    39       0.0324     0.0033        0.0   10.3517       0.7163 0.0001      93.0                  0
    40       0.0319     0.0033        0.0   10.8542       0.7036 0.0001      95.9                  0
    41       0.0331     0.0039        0.0   12.2121       0.7198 0.0001      97.1                  0
    42       0.0312     0.0032        0.0   12.5519       0.7127 0.0001      93.1                  1
    43       0.0320     0.0026        0.0   12.3096       0.7235 0.0001      93.2                  0
    44       0.0333     0.0034        0.0   10.5963       0.7267 0.0001      93.5                  0
    45       0.0308     0.0031        0.0   12.6004       0.7140 0.0001      93.3                  1
    46       0.0325     0.0030        0.0   11.1172       0.7136 0.0001      93.5                  0
    47       0.0315     0.0027        0.0   11.4421       0.7252 0.0001      93.3                  0
    48       0.0318     0.0027        0.0   12.0005       0.7326 0.0001      97.5                  0
    49       0.0336     0.0034        0.0   12.7585       0.7217 0.0001      96.5                  1
===== P_fixed_H2_a3_lam1_seed42 (50/50 epoch)
 epoch  train_total  train_bce  train_cps  val_loss  val_AP_1.0s     lr  time_sec  amp_skipped_steps
     0       0.6731     0.6001     0.0539    3.5003       0.6505 0.0100     100.7                  1
     1       0.5074     0.4328     0.0443    4.0694       0.6443 0.0100      95.6                  0
     2       0.3993     0.3266     0.0413    7.9050       0.6275 0.0100      97.6                  0
     3       0.3183     0.2405     0.0417    9.4992       0.6318 0.0100      97.9                  0
     4       0.2685     0.1954     0.0386    5.6198       0.7068 0.0100      98.9                  0
     5       0.2376     0.1655     0.0378    9.7225       0.6668 0.0100      95.9                  0
     6       0.1754     0.0999     0.0396   13.7851       0.6548 0.0100      98.1                  1
     7       0.1614     0.0891     0.0372   12.1356       0.6759 0.0100      94.4                  0
     8       0.1091     0.0428     0.0344   13.9276       0.6878 0.0100      94.1                  1
     9       0.0715     0.0159     0.0271   19.4640       0.6717 0.0100      99.8                  0
    10       0.0604     0.0091     0.0231   12.7662       0.7186 0.0100      97.8                  0
    11       0.0568     0.0072     0.0209   13.2154       0.7067 0.0100      98.4                  0
    12       0.0494     0.0045     0.0177   16.9082       0.7207 0.0100      94.3                  0
    13       0.0470     0.0036     0.0163   13.4279       0.7287 0.0100      94.9                  0
    14       0.0464     0.0026     0.0164   15.5774       0.7160 0.0100      94.4                  0
    15       0.0444     0.0028     0.0150   12.4247       0.7326 0.0100      94.4                  0
    16       0.0434     0.0026     0.0145   16.6969       0.7327 0.0100      94.1                  0
    17       0.0393     0.0021     0.0131   13.3104       0.7417 0.0100      97.7                  0
    18       0.0366     0.0018     0.0126   13.1394       0.7372 0.0100      95.5                  1
    19       0.0325     0.0014     0.0110   11.9175       0.7403 0.0010      95.3                  0
    20       0.0306     0.0013     0.0106   12.9553       0.7304 0.0010      95.4                  0
    21       0.0301     0.0011     0.0103   11.9823       0.7342 0.0010      96.7                  1
    22       0.0312     0.0012     0.0110   13.0458       0.7344 0.0010      98.3                  0
    23       0.0290     0.0010     0.0100   11.3289       0.7365 0.0010      96.9                  0
    24       0.0288     0.0011     0.0099   11.0481       0.7352 0.0010      99.3                  0
    25       0.0287     0.0010     0.0101   10.3934       0.7337 0.0010     100.4                  1
    26       0.0289     0.0011     0.0100   12.5408       0.7348 0.0010      99.2                  0
    27       0.0274     0.0010     0.0096   12.3653       0.7345 0.0010      94.4                  0
    28       0.0275     0.0010     0.0097   11.4305       0.7279 0.0010      99.5                  1
    29       0.0276     0.0011     0.0095   13.0600       0.7276 0.0010      97.3                  0
    30       0.0272     0.0010     0.0096   12.9094       0.7246 0.0010      97.5                  0
    31       0.0263     0.0009     0.0093   11.1619       0.7230 0.0010     100.3                  0
    32       0.0264     0.0011     0.0092   13.3774       0.7280 0.0010      98.5                  1
    33       0.0261     0.0009     0.0091   12.8174       0.7291 0.0010      93.7                  0
    34       0.0252     0.0009     0.0088   11.8679       0.7280 0.0010      94.9                  0
    35       0.0252     0.0009     0.0087   12.4063       0.7235 0.0010      95.2                  1
    36       0.0264     0.0009     0.0094   12.9299       0.7281 0.0010      94.6                  0
    37       0.0249     0.0008     0.0086   13.5352       0.7282 0.0010     100.0                  0
    38       0.0250     0.0009     0.0089   12.3633       0.7246 0.0010      99.4                  1
    39       0.0245     0.0008     0.0087   12.6650       0.7192 0.0001     100.8                  0
    40       0.0245     0.0009     0.0086   13.4060       0.7248 0.0001      99.0                  0
    41       0.0242     0.0008     0.0087   12.4978       0.7242 0.0001      93.6                  0
    42       0.0247     0.0008     0.0087   14.0037       0.7246 0.0001     100.0                  1
    43       0.0246     0.0007     0.0089   12.2284       0.7184 0.0001      99.9                  0
    44       0.0245     0.0009     0.0086   11.4600       0.7198 0.0001     100.5                  0
    45       0.0243     0.0008     0.0086   11.8713       0.7266 0.0001      99.5                  1
    46       0.0232     0.0008     0.0080   11.4043       0.7284 0.0001      98.2                  0
    47       0.0242     0.0008     0.0084   11.7719       0.7298 0.0001      99.8                  0
    48       0.0246     0.0008     0.0086   11.3883       0.7265 0.0001     100.1                  0
    49       0.0248     0.0007     0.0089   13.0081       0.7245 0.0001     100.0                  1
===== P_fixed_H2_a3_lam1_seed43 (31/50 epoch)
 epoch  train_total  train_bce  train_cps  val_loss  val_AP_1.0s    lr  time_sec  amp_skipped_steps
     0       0.7363     0.6602     0.0600    3.6219       0.5986 0.010     101.1                  2
     1       0.6831     0.6129     0.0512    4.1694       0.6130 0.010      96.5                  0
     2       0.6250     0.5530     0.0492    4.3741       0.5980 0.010      94.7                  0
     3       0.5691     0.4951     0.0456    4.4946       0.6197 0.010      95.2                  0
     4       0.5149     0.4406     0.0437    4.8908       0.6129 0.010      97.9                  0
     5       0.4350     0.3561     0.0426    4.8136       0.6155 0.010      97.7                  0
     6       0.3871     0.3069     0.0425    4.7673       0.6125 0.010      94.2                  0
     7       0.3293     0.2466     0.0423    6.7412       0.6428 0.010      95.3                  0
     8       0.3033     0.2226     0.0417    8.4944       0.6635 0.010      95.8                  0
     9       0.2357     0.1538     0.0426    4.9884       0.6501 0.010      95.4                  0
    10       0.2099     0.1282     0.0415    6.4766       0.6942 0.010      94.7                  1
    11       0.1750     0.0975     0.0399   12.5915       0.6292 0.010      96.3                  0
    12       0.1207     0.0460     0.0384    8.9544       0.6881 0.010      94.6                  0
    13       0.1224     0.0513     0.0369   12.6946       0.6653 0.010      98.8                  0
    14       0.0837     0.0194     0.0320   12.0838       0.7060 0.010      97.7                  0
    15       0.0763     0.0151     0.0301   14.5306       0.6741 0.010      94.9                  1
    16       0.0648     0.0087     0.0249   17.2321       0.6679 0.010      94.0                  0
    17       0.0592     0.0075     0.0222   19.1628       0.6575 0.010      95.4                  0
    18       0.0597     0.0074     0.0219   17.4619       0.6675 0.010      95.6                  0
    19       0.0537     0.0040     0.0199   15.3926       0.6865 0.001      94.0                  0
    20       0.0511     0.0022     0.0180   17.0141       0.6728 0.001      93.9                  0
    21       0.0482     0.0019     0.0172   16.3408       0.6818 0.001      97.8                  0
    22       0.0491     0.0021     0.0173   14.8815       0.6769 0.001      99.5                  1
    23       0.0464     0.0022     0.0159   14.4203       0.6919 0.001      98.4                  0
    24       0.0455     0.0022     0.0159   15.3562       0.6822 0.001      95.8                  0
    25       0.0461     0.0017     0.0164   14.3544       0.6892 0.001      97.6                  1
    26       0.0462     0.0020     0.0164   12.8537       0.6992 0.001      98.4                  0
    27       0.0455     0.0020     0.0163   13.9074       0.6942 0.001      96.2                  0
    28       0.0461     0.0020     0.0162   15.7288       0.6846 0.001      95.6                  0
    29       0.0441     0.0017     0.0156   14.3561       0.6909 0.001      98.1                  1
    30       0.0460     0.0017     0.0165   15.5593       0.6890 0.001      95.5                  0
===== S_fixed_H2_a3_lam1_seed42 (50/50 epoch)
 epoch  train_total  train_bce  train_cps  val_loss  val_AP_1.0s     lr  time_sec  amp_skipped_steps
     0       0.7277     0.6275     0.0810    4.5124       0.6589 0.0100     100.0                  1
     1       0.5592     0.4526     0.0758    4.4961       0.6550 0.0100      98.7                  0
     2       0.4534     0.3448     0.0750    6.6548       0.6463 0.0100     100.6                  0
     3       0.3792     0.2686     0.0750    9.1878       0.6587 0.0100      97.9                  0
     4       0.3157     0.2100     0.0719    4.4112       0.6669 0.0100      99.4                  0
     5       0.2422     0.1383     0.0695    6.1715       0.6842 0.0100      99.5                  0
     6       0.2368     0.1283     0.0717   13.4214       0.6583 0.0100      99.4                  0
     7       0.1638     0.0597     0.0708   11.5717       0.6818 0.0100     100.7                  1
     8       0.1487     0.0504     0.0656   12.0987       0.6880 0.0100     100.7                  0
     9       0.1618     0.0653     0.0612   14.0836       0.6272 0.0100      99.2                  0
    10       0.1383     0.0470     0.0597   14.4197       0.6905 0.0100      99.8                  0
    11       0.1192     0.0368     0.0513    8.8184       0.7071 0.0100      99.5                  0
    12       0.1772     0.0852     0.0575   11.2676       0.7021 0.0100      99.5                  2
    13       0.1065     0.0254     0.0499   12.6582       0.6862 0.0100      98.8                  0
    14       0.0799     0.0112     0.0389   11.8606       0.7126 0.0100      99.1                  0
    15       0.0626     0.0053     0.0294    9.1492       0.7125 0.0100      99.6                  0
    16       0.0611     0.0051     0.0257    8.6590       0.7061 0.0100      99.1                  0
    17       0.0550     0.0027     0.0228   13.7791       0.6987 0.0100      93.1                  0
    18       0.0516     0.0024     0.0208   13.1334       0.6880 0.0100     100.0                  0
    19       0.1713     0.0938     0.0453   10.3505       0.6676 0.0010     100.0                  0
    20       0.0850     0.0204     0.0360   11.2413       0.7047 0.0010      99.8                  0
    21       0.0655     0.0096     0.0299   10.2832       0.7093 0.0010      99.6                  0
    22       0.0601     0.0084     0.0254   11.2258       0.7146 0.0010     100.3                  1
    23       0.0548     0.0064     0.0231   11.4150       0.7197 0.0010      99.3                  0
    24       0.0529     0.0057     0.0213   10.4134       0.7130 0.0010      99.2                  0
    25       0.0511     0.0051     0.0206   10.8423       0.7089 0.0010     100.0                  1
    26       0.0491     0.0044     0.0188   10.1823       0.7065 0.0010      99.7                  0
    27       0.0467     0.0042     0.0174   11.8308       0.7031 0.0010     101.3                  0
    28       0.0464     0.0038     0.0171   10.4454       0.7085 0.0010      98.6                  0
    29       0.0454     0.0035     0.0163   10.8632       0.7031 0.0010     100.8                  1
    30       0.0443     0.0033     0.0162   11.2585       0.7066 0.0010     100.3                  0
    31       0.0451     0.0031     0.0166   11.7072       0.7031 0.0010      97.8                  0
    32       0.0431     0.0027     0.0148   13.4449       0.6930 0.0010      97.7                  1
    33       0.0431     0.0028     0.0150   11.7734       0.6892 0.0010      97.1                  0
    34       0.0420     0.0022     0.0146   12.3820       0.7049 0.0010      98.8                  0
    35       0.0422     0.0021     0.0148   12.7147       0.6971 0.0010      97.5                  0
    36       0.0422     0.0021     0.0143   10.9034       0.6983 0.0010      98.6                  1
    37       0.0425     0.0023     0.0145   11.6870       0.7004 0.0010      99.5                  0
    38       0.0409     0.0019     0.0140   11.5138       0.6969 0.0010      99.2                  0
    39       0.0405     0.0018     0.0133   12.5935       0.6907 0.0001      99.9                  1
    40       0.0395     0.0018     0.0127   12.6414       0.6974 0.0001     100.1                  0
    41       0.0403     0.0018     0.0140   13.1767       0.6947 0.0001      99.7                  0
    42       0.0405     0.0019     0.0139   13.2374       0.6935 0.0001     100.1                  0
    43       0.0404     0.0021     0.0137    9.9962       0.7038 0.0001     100.2                  1
    44       0.0405     0.0021     0.0134   10.7427       0.6986 0.0001     100.2                  0
    45       0.0410     0.0018     0.0142   12.1718       0.6957 0.0001     100.1                  0
    46       0.0392     0.0020     0.0132   10.7602       0.6988 0.0001      99.5                  1
    47       0.0404     0.0017     0.0135   10.5068       0.6925 0.0001      99.5                  0
    48       0.0394     0.0018     0.0128   10.1927       0.7015 0.0001     100.1                  0
    49       0.0410     0.0017     0.0141   14.2785       0.6933 0.0001     100.3                  1
